version https://git-lfs.github.com/spec/v1
oid sha256:b2ac7e2869b68c2be7c18f635f520aa006c8c1b165856b29fe5833cb34fd5166
size 190267
