version https://git-lfs.github.com/spec/v1
oid sha256:89d4d40df19709abda36292b1bf42244de30a7dd903e29582a5ab9a2b1edf7ce
size 201414
