version https://git-lfs.github.com/spec/v1
oid sha256:34811499100cf824e0ac9b396fb23ca0e7de00c55349acf8a546e4a32a7f2d42
size 195694
