version https://git-lfs.github.com/spec/v1
oid sha256:babcdac95c3b37b576f619cd0c60a510a56dcd047b7465e1ef067e92b18a3187
size 160837
